filename:16452523375_08591714cf_o_0.png sad:159.63862247997528 mse:0.0288837071095833
filename:16452523375_08591714cf_o_0.png sad:159.63862247997528 mse:0.0288837071095833
